shannon = 10.688670189800456
simpson = 0.9988361710002833
simpson_e = 0.3156622912973664
goods_coverage = 1.0
fisher_alpha = 508.66255411152645
dominance = 0.0011638289997166376
chao1 = 2722.0
chao1_ci = (2722, 2722.000000311238)
ace = 2722.0
